2546 2 0 0
0 148 70
1 148 69
2 149 69
3 149 68
4 150 68
5 151 68
6 151 67
7 152 67
8 153 67
9 153 66
10 154 66
11 154 65
12 155 65
13 156 65
14 156 64
15 157 64
16 158 64
17 158 63
18 159 63
19 159 62
20 160 62
21 161 62
22 161 61
23 162 61
24 162 60
25 163 60
26 164 60
27 164 59
28 165 59
29 165 58
30 166 58
31 166 57
32 167 57
33 167 56
34 168 56
35 168 55
36 168 54
37 168 53
38 167 53
39 166 53
40 165 53
41 164 53
42 163 53
43 162 53
44 161 53
45 161 52
46 160 52
47 160 51
48 160 50
49 160 49
50 160 48
51 160 47
52 160 46
53 160 45
54 160 44
55 160 43
56 159 43
57 159 42
58 159 41
59 159 40
60 159 39
61 159 38
62 159 37
63 159 36
64 159 35
65 159 34
66 160 34
67 160 33
68 161 33
69 162 33
70 163 33
71 164 33
72 164 32
73 164 31
74 164 30
75 165 30
76 165 29
77 165 28
78 165 27
79 165 26
80 164 26
81 163 26
82 163 25
83 162 25
84 162 24
85 162 23
86 162 22
87 162 21
88 163 21
89 163 20
90 163 19
91 163 18
92 163 17
93 163 16
94 162 16
95 161 16
96 160 16
97 159 16
98 158 16
99 157 16
100 156 16
101 156 17
102 155 17
103 155 18
104 155 19
105 155 20
106 155 21
107 155 22
108 155 23
109 155 24
110 155 25
111 155 26
112 155 27
113 155 28
114 154 28
115 153 28
116 153 29
117 153 30
118 153 31
119 152 31
120 151 31
121 151 30
122 151 29
123 151 28
124 150 28
125 149 28
126 149 27
127 149 26
128 149 25
129 149 24
130 149 23
131 149 22
132 149 21
133 149 20
134 149 19
135 149 18
136 149 17
137 149 16
138 149 15
139 148 15
140 147 15
141 147 14
142 147 13
143 147 12
144 148 12
145 148 11
146 149 11
147 149 10
148 150 10
149 150 9
150 150 8
151 150 7
152 149 7
153 148 7
154 147 7
155 146 7
156 145 7
157 144 7
158 143 7
159 142 7
160 141 7
161 140 7
162 139 7
163 138 7
164 137 7
165 137 6
166 136 6
167 136 5
168 135 5
169 135 4
170 134 4
171 134 3
172 133 3
173 132 3
174 131 3
175 130 3
176 129 3
177 128 3
178 127 3
179 127 2
180 126 2
181 125 2
182 124 2
183 123 2
184 122 2
185 121 2
186 120 2
187 120 3
188 120 4
189 121 4
190 122 4
191 123 4
192 123 5
193 123 6
194 123 7
195 122 7
196 121 7
197 120 7
198 120 6
199 119 6
200 118 6
201 118 7
202 117 7
203 116 7
204 116 6
205 115 6
206 114 6
207 113 6
208 112 6
209 111 6
210 110 6
211 109 6
212 109 5
213 108 5
214 107 5
215 106 5
216 106 6
217 105 6
218 105 7
219 105 8
220 105 9
221 105 10
222 105 11
223 105 12
224 105 13
225 104 13
226 104 14
227 104 15
228 104 16
229 104 17
230 104 18
231 104 19
232 104 20
233 105 20
234 106 20
235 107 20
236 108 20
237 109 20
238 110 20
239 111 20
240 111 19
241 112 19
242 113 19
243 114 19
244 115 19
245 116 19
246 117 19
247 118 19
248 119 19
249 120 19
250 121 19
251 121 20
252 122 20
253 123 20
254 123 21
255 124 21
256 125 21
257 125 22
258 126 22
259 127 22
260 127 23
261 128 23
262 128 24
263 128 25
264 129 25
265 129 26
266 130 26
267 130 27
268 130 28
269 131 28
270 131 29
271 132 29
272 132 30
273 132 31
274 132 32
275 132 33
276 132 34
277 132 35
278 131 35
279 131 36
280 131 37
281 131 38
282 130 38
283 130 39
284 130 40
285 130 41
286 129 41
287 129 42
288 129 43
289 128 43
290 127 43
291 127 44
292 126 44
293 125 44
294 124 44
295 123 44
296 122 44
297 122 43
298 121 43
299 120 43
300 119 43
301 118 43
302 118 42
303 117 42
304 116 42
305 116 41
306 115 41
307 114 41
308 114 40
309 113 40
310 112 40
311 112 39
312 111 39
313 110 39
314 110 38
315 109 38
316 109 37
317 109 36
318 108 36
319 108 35
320 107 35
321 107 34
322 106 34
323 105 34
324 104 34
325 103 34
326 102 34
327 102 35
328 102 36
329 102 37
330 101 37
331 100 37
332 100 38
333 99 38
334 99 39
335 98 39
336 97 39
337 96 39
338 96 40
339 95 40
340 94 40
341 94 39
342 93 39
343 92 39
344 92 40
345 91 40
346 90 40
347 89 40
348 88 40
349 87 40
350 87 41
351 86 41
352 86 42
353 85 42
354 85 43
355 85 44
356 84 44
357 84 45
358 84 46
359 84 47
360 83 47
361 83 48
362 83 49
363 83 50
364 83 51
365 83 52
366 84 52
367 85 52
368 85 53
369 85 54
370 86 54
371 86 55
372 87 55
373 87 56
374 88 56
375 88 57
376 89 57
377 89 58
378 90 58
379 90 59
380 91 59
381 91 60
382 92 60
383 92 61
384 93 61
385 94 61
386 94 62
387 95 62
388 95 63
389 95 64
390 96 64
391 96 65
392 97 65
393 97 66
394 98 66
395 98 67
396 98 68
397 98 69
398 99 69
399 99 70
400 99 71
401 99 72
402 99 73
403 99 74
404 98 74
405 97 74
406 97 75
407 97 76
408 96 76
409 96 77
410 96 78
411 96 79
412 95 79
413 94 79
414 94 80
415 93 80
416 93 81
417 92 81
418 91 81
419 91 82
420 90 82
421 89 82
422 88 82
423 87 82
424 87 83
425 86 83
426 85 83
427 85 82
428 84 82
429 83 82
430 82 82
431 82 81
432 81 81
433 81 80
434 81 79
435 81 78
436 80 78
437 80 77
438 80 76
439 79 76
440 79 75
441 79 74
442 79 73
443 78 73
444 77 73
445 77 74
446 76 74
447 76 75
448 75 75
449 74 75
450 74 74
451 74 73
452 73 73
453 72 73
454 72 72
455 72 71
456 71 71
457 70 71
458 70 70
459 70 69
460 69 69
461 69 68
462 68 68
463 68 67
464 68 66
465 69 66
466 69 65
467 69 64
468 69 63
469 68 63
470 68 62
471 67 62
472 67 61
473 67 60
474 67 59
475 66 59
476 66 58
477 66 57
478 66 56
479 66 55
480 66 54
481 65 54
482 65 53
483 65 52
484 65 51
485 65 50
486 65 49
487 65 48
488 65 47
489 65 46
490 65 45
491 65 44
492 66 44
493 66 43
494 66 42
495 66 41
496 67 41
497 67 40
498 67 39
499 68 39
500 68 38
501 68 37
502 69 37
503 69 36
504 69 35
505 70 35
506 70 34
507 70 33
508 71 33
509 71 32
510 72 32
511 72 31
512 72 30
513 72 29
514 72 28
515 72 27
516 71 27
517 70 27
518 69 27
519 68 27
520 67 27
521 66 27
522 65 27
523 65 26
524 64 26
525 63 26
526 63 25
527 62 25
528 61 25
529 60 25
530 60 24
531 59 24
532 58 24
533 57 24
534 56 24
535 55 24
536 55 25
537 54 25
538 54 26
539 53 26
540 53 27
541 53 28
542 53 29
543 52 29
544 52 30
545 52 31
546 52 32
547 51 32
548 51 33
549 51 34
550 50 34
551 50 35
552 50 36
553 49 36
554 49 37
555 48 37
556 48 38
557 48 39
558 47 39
559 47 40
560 47 41
561 46 41
562 46 42
563 45 42
564 45 43
565 45 44
566 44 44
567 44 45
568 44 46
569 43 46
570 43 47
571 43 48
572 42 48
573 42 49
574 42 50
575 41 50
576 41 51
577 41 52
578 41 53
579 40 53
580 40 54
581 40 55
582 39 55
583 39 56
584 39 57
585 38 57
586 38 58
587 38 59
588 37 59
589 37 60
590 37 61
591 36 61
592 36 62
593 36 63
594 35 63
595 35 64
596 35 65
597 34 65
598 34 66
599 34 67
600 34 68
601 34 69
602 33 69
603 33 70
604 33 71
605 33 72
606 33 73
607 33 74
608 32 74
609 32 75
610 32 76
611 32 77
612 32 78
613 32 79
614 32 80
615 33 80
616 33 81
617 33 82
618 33 83
619 33 84
620 34 84
621 34 85
622 34 86
623 34 87
624 34 88
625 34 89
626 34 90
627 34 91
628 34 92
629 34 93
630 34 94
631 33 94
632 33 95
633 33 96
634 33 97
635 32 97
636 32 98
637 32 99
638 31 99
639 31 100
640 31 101
641 31 102
642 30 102
643 30 103
644 30 104
645 30 105
646 29 105
647 29 106
648 29 107
649 29 108
650 29 109
651 29 110
652 28 110
653 28 111
654 28 112
655 28 113
656 28 114
657 28 115
658 28 116
659 28 117
660 29 117
661 29 118
662 29 119
663 29 120
664 29 121
665 29 122
666 30 122
667 30 123
668 31 123
669 32 123
670 33 123
671 34 123
672 35 123
673 36 123
674 37 123
675 38 123
676 38 124
677 38 125
678 38 126
679 39 126
680 39 127
681 40 127
682 41 127
683 42 127
684 42 128
685 43 128
686 44 128
687 44 129
688 45 129
689 46 129
690 46 130
691 47 130
692 48 130
693 49 130
694 49 129
695 50 129
696 51 129
697 51 128
698 51 127
699 51 126
700 51 125
701 50 125
702 50 124
703 49 124
704 48 124
705 48 125
706 47 125
707 46 125
708 45 125
709 45 124
710 45 123
711 46 123
712 47 123
713 47 122
714 47 121
715 47 120
716 47 119
717 47 118
718 47 117
719 48 117
720 49 117
721 49 118
722 50 118
723 50 119
724 51 119
725 52 119
726 53 119
727 53 118
728 54 118
729 54 117
730 54 116
731 55 116
732 55 115
733 56 115
734 57 115
735 57 116
736 58 116
737 59 116
738 60 116
739 60 115
740 61 115
741 61 114
742 61 113
743 62 113
744 62 112
745 63 112
746 63 111
747 63 110
748 64 110
749 65 110
750 65 111
751 66 111
752 67 111
753 68 111
754 68 112
755 69 112
756 70 112
757 70 113
758 71 113
759 71 114
760 71 115
761 71 116
762 71 117
763 72 117
764 72 118
765 72 119
766 71 119
767 71 120
768 70 120
769 70 121
770 70 122
771 71 122
772 72 122
773 73 122
774 74 122
775 75 122
776 76 122
777 77 122
778 78 122
779 78 121
780 79 121
781 80 121
782 80 122
783 80 123
784 80 124
785 79 124
786 79 125
787 78 125
788 77 125
789 77 126
790 76 126
791 75 126
792 75 127
793 75 128
794 75 129
795 76 129
796 76 130
797 77 130
798 77 131
799 77 132
800 76 132
801 75 132
802 75 131
803 74 131
804 73 131
805 72 131
806 71 131
807 71 132
808 71 133
809 71 134
810 72 134
811 72 135
812 73 135
813 73 136
814 74 136
815 75 136
816 76 136
817 76 137
818 76 138
819 75 138
820 75 139
821 75 140
822 76 140
823 76 141
824 77 141
825 77 142
826 78 142
827 78 143
828 79 143
829 79 144
830 79 145
831 79 146
832 78 146
833 78 147
834 77 147
835 76 147
836 76 148
837 75 148
838 74 148
839 74 149
840 73 149
841 72 149
842 72 150
843 71 150
844 71 151
845 71 152
846 71 153
847 71 154
848 71 155
849 71 156
850 71 157
851 71 158
852 71 159
853 71 160
854 71 161
855 72 161
856 72 162
857 72 163
858 71 163
859 71 164
860 71 165
861 71 166
862 71 167
863 71 168
864 71 169
865 71 170
866 70 170
867 70 171
868 69 171
869 68 171
870 67 171
871 66 171
872 66 172
873 65 172
874 64 172
875 63 172
876 62 172
877 62 173
878 61 173
879 61 174
880 60 174
881 60 175
882 59 175
883 59 176
884 58 176
885 58 177
886 57 177
887 57 178
888 56 178
889 56 179
890 56 180
891 56 181
892 56 182
893 56 183
894 56 184
895 56 185
896 56 186
897 56 187
898 56 188
899 56 189
900 56 190
901 56 191
902 56 192
903 55 192
904 55 193
905 55 194
906 55 195
907 54 195
908 54 196
909 54 197
910 55 197
911 56 197
912 56 198
913 57 198
914 58 198
915 59 198
916 60 198
917 61 198
918 62 198
919 62 199
920 63 199
921 63 200
922 64 200
923 65 200
924 66 200
925 66 201
926 67 201
927 67 202
928 67 203
929 67 204
930 67 205
931 67 206
932 67 207
933 67 208
934 67 209
935 68 209
936 68 210
937 68 211
938 68 212
939 68 213
940 68 214
941 68 215
942 68 216
943 68 217
944 68 218
945 67 218
946 67 219
947 66 219
948 66 220
949 66 221
950 65 221
951 65 222
952 65 223
953 64 223
954 64 224
955 63 224
956 63 225
957 62 225
958 62 226
959 61 226
960 60 226
961 60 227
962 59 227
963 59 228
964 58 228
965 58 229
966 58 230
967 58 231
968 59 231
969 59 232
970 59 233
971 60 233
972 60 234
973 61 234
974 61 235
975 61 236
976 62 236
977 62 237
978 62 238
979 63 238
980 63 239
981 64 239
982 64 240
983 64 241
984 65 241
985 65 242
986 66 242
987 66 243
988 67 243
989 68 243
990 69 243
991 70 243
992 70 244
993 70 245
994 71 245
995 71 246
996 72 246
997 72 247
998 73 247
999 74 247
1000 74 248
1001 75 248
1002 76 248
1003 77 248
1004 78 248
1005 79 248
1006 80 248
1007 81 248
1008 81 249
1009 82 249
1010 82 250
1011 83 250
1012 83 251
1013 83 252
1014 84 252
1015 84 253
1016 85 253
1017 86 253
1018 86 254
1019 87 254
1020 88 254
1021 89 254
1022 90 254
1023 91 254
1024 92 254
1025 93 254
1026 93 253
1027 94 253
1028 95 253
1029 96 253
1030 97 253
1031 98 253
1032 99 253
1033 99 254
1034 100 254
1035 101 254
1036 102 254
1037 103 254
1038 103 255
1039 104 255
1040 105 255
1041 106 255
1042 107 255
1043 107 254
1044 108 254
1045 109 254
1046 110 254
1047 111 254
1048 112 254
1049 112 253
1050 113 253
1051 114 253
1052 114 252
1053 115 252
1054 115 251
1055 116 251
1056 117 251
1057 117 250
1058 118 250
1059 118 249
1060 119 249
1061 119 248
1062 120 248
1063 120 247
1064 121 247
1065 121 246
1066 122 246
1067 122 245
1068 123 245
1069 123 244
1070 124 244
1071 124 243
1072 125 243
1073 125 242
1074 126 242
1075 126 241
1076 127 241
1077 127 240
1078 128 240
1079 129 240
1080 130 240
1081 130 239
1082 131 239
1083 132 239
1084 133 239
1085 133 238
1086 133 237
1087 133 236
1088 133 235
1089 133 234
1090 134 234
1091 134 233
1092 134 232
1093 134 231
1094 134 230
1095 134 229
1096 134 228
1097 134 227
1098 134 226
1099 134 225
1100 134 224
1101 135 224
1102 135 223
1103 135 222
1104 135 221
1105 136 221
1106 136 220
1107 136 219
1108 137 219
1109 137 218
1110 137 217
1111 138 217
1112 138 216
1113 139 216
1114 140 216
1115 140 215
1116 141 215
1117 142 215
1118 143 215
1119 143 214
1120 144 214
1121 144 213
1122 145 213
1123 146 213
1124 146 212
1125 147 212
1126 147 211
1127 147 210
1128 147 209
1129 148 209
1130 148 208
1131 149 208
1132 150 208
1133 151 208
1134 152 208
1135 152 207
1136 153 207
1137 153 206
1138 154 206
1139 154 205
1140 154 204
1141 155 204
1142 155 203
1143 155 202
1144 155 201
1145 156 201
1146 157 201
1147 157 200
1148 157 199
1149 157 198
1150 157 197
1151 157 196
1152 157 195
1153 157 194
1154 156 194
1155 156 193
1156 155 193
1157 155 192
1158 155 191
1159 155 190
1160 156 190
1161 156 189
1162 156 188
1163 156 187
1164 156 186
1165 156 185
1166 156 184
1167 155 184
1168 155 183
1169 155 182
1170 154 182
1171 153 182
1172 153 181
1173 153 180
1174 153 179
1175 153 178
1176 153 177
1177 153 176
1178 154 176
1179 154 175
1180 154 174
1181 155 174
1182 156 174
1183 156 173
1184 157 173
1185 158 173
1186 158 172
1187 159 172
1188 160 172
1189 161 172
1190 162 172
1191 163 172
1192 164 172
1193 165 172
1194 165 173
1195 165 174
1196 166 174
1197 166 175
1198 167 175
1199 167 176
1200 168 176
1201 168 177
1202 169 177
1203 169 178
1204 170 178
1205 170 179
1206 170 180
1207 170 181
1208 170 182
1209 170 183
1210 170 184
1211 170 185
1212 171 185
1213 172 185
1214 172 186
1215 173 186
1216 174 186
1217 174 187
1218 175 187
1219 176 187
1220 176 188
1221 177 188
1222 178 188
1223 178 189
1224 179 189
1225 179 190
1226 180 190
1227 180 191
1228 180 192
1229 181 192
1230 182 192
1231 183 192
1232 184 192
1233 185 192
1234 185 193
1235 185 194
1236 186 194
1237 187 194
1238 188 194
1239 189 194
1240 190 194
1241 191 194
1242 192 194
1243 192 193
1244 193 193
1245 193 192
1246 194 192
1247 195 192
1248 195 191
1249 196 191
1250 196 190
1251 197 190
1252 197 189
1253 197 188
1254 197 187
1255 197 186
1256 196 186
1257 196 185
1258 196 184
1259 196 183
1260 195 183
1261 195 182
1262 194 182
1263 194 181
1264 193 181
1265 193 180
1266 193 179
1267 192 179
1268 192 178
1269 191 178
1270 191 177
1271 190 177
1272 190 176
1273 190 175
1274 189 175
1275 189 174
1276 188 174
1277 188 173
1278 188 172
1279 188 171
1280 188 170
1281 187 170
1282 187 169
1283 187 168
1284 187 167
1285 186 167
1286 186 166
1287 186 165
1288 186 164
1289 186 163
1290 186 162
1291 186 161
1292 186 160
1293 186 159
1294 186 158
1295 187 158
1296 187 157
1297 188 157
1298 188 156
1299 189 156
1300 189 155
1301 189 154
1302 190 154
1303 190 153
1304 191 153
1305 191 152
1306 192 152
1307 192 151
1308 193 151
1309 193 150
1310 193 149
1311 194 149
1312 194 148
1313 195 148
1314 196 148
1315 197 148
1316 198 148
1317 198 149
1318 199 149
1319 200 149
1320 201 149
1321 201 148
1322 201 147
1323 201 146
1324 202 146
1325 202 145
1326 202 144
1327 201 144
1328 201 143
1329 200 143
1330 200 142
1331 200 141
1332 199 141
1333 199 140
1334 198 140
1335 198 139
1336 197 139
1337 197 138
1338 196 138
1339 196 137
1340 196 136
1341 197 136
1342 198 136
1343 199 136
1344 199 135
1345 200 135
1346 201 135
1347 201 134
1348 202 134
1349 203 134
1350 204 134
1351 204 133
1352 204 132
1353 205 132
1354 205 131
1355 205 130
1356 205 129
1357 206 129
1358 206 128
1359 206 127
1360 206 126
1361 207 126
1362 207 125
1363 207 124
1364 207 123
1365 206 123
1366 206 122
1367 205 122
1368 205 121
1369 204 121
1370 204 120
1371 204 119
1372 203 119
1373 203 118
1374 202 118
1375 201 118
1376 200 118
1377 199 118
1378 199 119
1379 198 119
1380 197 119
1381 197 120
1382 196 120
1383 195 120
1384 195 121
1385 194 121
1386 193 121
1387 192 121
1388 192 122
1389 191 122
1390 190 122
1391 190 123
1392 189 123
1393 188 123
1394 187 123
1395 186 123
1396 185 123
1397 184 123
1398 184 122
1399 184 121
1400 185 121
1401 186 121
1402 187 121
1403 188 121
1404 188 120
1405 189 120
1406 190 120
1407 191 120
1408 191 119
1409 192 119
1410 193 119
1411 193 118
1412 194 118
1413 195 118
1414 196 118
1415 196 117
1416 197 117
1417 198 117
1418 198 116
1419 199 116
1420 200 116
1421 200 115
1422 201 115
1423 201 114
1424 202 114
1425 203 114
1426 203 113
1427 204 113
1428 205 113
1429 205 112
1430 206 112
1431 207 112
1432 207 111
1433 208 111
1434 208 110
1435 209 110
1436 210 110
1437 210 109
1438 211 109
1439 211 108
1440 212 108
1441 213 108
1442 213 107
1443 213 106
1444 213 105
1445 213 104
1446 212 104
1447 212 103
1448 211 103
1449 211 102
1450 211 101
1451 210 101
1452 210 100
1453 209 100
1454 208 100
1455 208 99
1456 207 99
1457 207 98
1458 206 98
1459 205 98
1460 205 97
1461 204 97
1462 204 96
1463 203 96
1464 203 95
1465 202 95
1466 202 94
1467 201 94
1468 201 93
1469 200 93
1470 200 92
1471 200 91
1472 200 90
1473 200 89
1474 200 88
1475 199 88
1476 199 87
1477 199 86
1478 199 85
1479 199 84
1480 198 84
1481 198 83
1482 198 82
1483 198 81
1484 198 80
1485 197 80
1486 197 79
1487 197 78
1488 197 77
1489 196 77
1490 196 76
1491 196 75
1492 195 75
1493 195 74
1494 195 73
1495 194 73
1496 194 72
1497 194 71
1498 193 71
1499 193 70
1500 193 69
1501 192 69
1502 192 68
1503 192 67
1504 192 66
1505 191 66
1506 191 65
1507 191 64
1508 191 63
1509 191 62
1510 191 61
1511 191 60
1512 191 59
1513 190 59
1514 190 58
1515 189 58
1516 189 57
1517 188 57
1518 188 56
1519 187 56
1520 186 56
1521 186 55
1522 185 55
1523 185 54
1524 184 54
1525 184 53
1526 183 53
1527 182 53
1528 182 52
1529 181 52
1530 180 52
1531 179 52
1532 178 52
1533 177 52
1534 176 52
1535 175 52
1536 174 52
1537 174 53
1538 173 53
1539 173 54
1540 172 54
1541 172 55
1542 171 55
1543 171 56
1544 170 56
1545 170 57
1546 169 57
1547 169 58
1548 169 59
1549 168 59
1550 168 60
1551 167 60
1552 167 61
1553 166 61
1554 166 62
1555 165 62
1556 164 62
1557 164 63
1558 163 63
1559 163 64
1560 162 64
1561 161 64
1562 161 65
1563 160 65
1564 159 65
1565 159 66
1566 158 66
1567 158 67
1568 157 67
1569 156 67
1570 156 68
1571 155 68
1572 155 69
1573 154 69
1574 153 69
1575 153 70
1576 152 70
1577 152 71
1578 151 71
1579 150 71
1580 150 72
1581 150 73
1582 149 73
1583 149 74
1584 149 75
1585 148 75
1586 148 76
1587 148 77
1588 148 78
1589 147 78
1590 147 79
1591 147 80
1592 146 80
1593 146 81
1594 146 82
1595 146 83
1596 146 84
1597 145 84
1598 145 85
1599 145 86
1600 145 87
1601 145 88
1602 144 88
1603 144 89
1604 144 90
1605 144 91
1606 144 92
1607 144 93
1608 144 94
1609 144 95
1610 144 96
1611 144 97
1612 144 98
1613 144 99
1614 144 100
1615 144 101
1616 144 102
1617 144 103
1618 144 104
1619 144 105
1620 144 106
1621 144 107
1622 144 108
1623 144 109
1624 144 110
1625 144 111
1626 144 112
1627 145 112
1628 145 113
1629 146 113
1630 146 114
1631 147 114
1632 148 114
1633 148 115
1634 148 116
1635 148 117
1636 149 117
1637 150 117
1638 150 116
1639 150 115
1640 149 115
1641 134 69
1642 134 68
1643 135 68
1644 135 67
1645 135 66
1646 135 65
1647 135 64
1648 135 63
1649 134 63
1650 134 62
1651 134 61
1652 133 61
1653 133 60
1654 133 59
1655 132 59
1656 132 58
1657 131 58
1658 131 57
1659 131 56
1660 130 56
1661 130 55
1662 129 55
1663 129 54
1664 128 54
1665 128 53
1666 127 53
1667 126 53
1668 125 53
1669 124 53
1670 123 53
1671 122 53
1672 121 53
1673 120 53
1674 120 54
1675 119 54
1676 119 55
1677 119 56
1678 118 56
1679 118 57
1680 118 58
1681 117 58
1682 117 59
1683 116 59
1684 116 60
1685 116 61
1686 115 61
1687 115 62
1688 114 62
1689 114 63
1690 113 63
1691 113 64
1692 112 64
1693 112 65
1694 111 65
1695 111 66
1696 110 66
1697 110 67
1698 109 67
1699 108 67
1700 108 68
1701 107 68
1702 107 69
1703 107 70
1704 107 71
1705 107 72
1706 107 73
1707 107 74
1708 108 74
1709 108 75
1710 108 76
1711 109 76
1712 109 77
1713 110 77
1714 111 77
1715 111 78
1716 112 78
1717 113 78
1718 113 79
1719 114 79
1720 115 79
1721 116 79
1722 116 80
1723 117 80
1724 118 80
1725 119 80
1726 120 80
1727 120 79
1728 121 79
1729 121 78
1730 122 78
1731 123 78
1732 123 77
1733 124 77
1734 125 77
1735 125 76
1736 126 76
1737 127 76
1738 128 76
1739 128 75
1740 129 75
1741 130 75
1742 130 74
1743 130 73
1744 131 73
1745 131 72
1746 132 72
1747 132 71
1748 133 71
1749 133 70
1750 134 70
1751 186 138
1752 186 139
1753 186 140
1754 186 141
1755 187 141
1756 188 141
1757 189 141
1758 189 140
1759 189 139
1760 189 138
1761 190 138
1762 190 137
1763 191 137
1764 191 136
1765 192 136
1766 192 135
1767 193 135
1768 193 134
1769 193 133
1770 192 133
1771 191 133
1772 191 132
1773 190 132
1774 190 131
1775 190 130
1776 189 130
1777 188 130
1778 188 129
1779 187 129
1780 186 129
1781 185 129
1782 185 130
1783 185 131
1784 185 132
1785 184 132
1786 183 132
1787 182 132
1788 181 132
1789 181 133
1790 180 133
1791 179 133
1792 178 133
1793 177 133
1794 176 133
1795 175 133
1796 175 134
1797 174 134
1798 173 134
1799 172 134
1800 172 135
1801 172 136
1802 171 136
1803 170 136
1804 170 137
1805 170 138
1806 171 138
1807 172 138
1808 173 138
1809 173 139
1810 173 140
1811 174 140
1812 175 140
1813 176 140
1814 176 139
1815 177 139
1816 178 139
1817 179 139
1818 180 139
1819 181 139
1820 182 139
1821 182 138
1822 183 138
1823 184 138
1824 185 138
1825 97 157
1826 97 158
1827 96 158
1828 95 158
1829 94 158
1830 94 159
1831 94 160
1832 93 160
1833 93 161
1834 93 162
1835 93 163
1836 93 164
1837 94 164
1838 95 164
1839 96 164
1840 96 165
1841 96 166
1842 96 167
1843 96 168
1844 96 169
1845 97 169
1846 97 170
1847 97 171
1848 97 172
1849 97 173
1850 97 174
1851 98 174
1852 98 175
1853 98 176
1854 99 176
1855 100 176
1856 100 177
1857 100 178
1858 101 178
1859 101 179
1860 102 179
1861 103 179
1862 103 178
1863 103 177
1864 102 177
1865 102 176
1866 102 175
1867 103 175
1868 104 175
1869 104 174
1870 104 173
1871 103 173
1872 103 172
1873 103 171
1874 103 170
1875 103 169
1876 103 168
1877 103 167
1878 102 167
1879 102 166
1880 102 165
1881 102 164
1882 102 163
1883 103 163
1884 103 162
1885 104 162
1886 105 162
1887 105 161
1888 105 160
1889 104 160
1890 104 159
1891 103 159
1892 103 158
1893 102 158
1894 102 157
1895 101 157
1896 100 157
1897 99 157
1898 98 157
1899 93 115
1900 93 114
1901 92 114
1902 92 113
1903 92 112
1904 92 111
1905 92 110
1906 91 110
1907 90 110
1908 90 111
1909 90 112
1910 89 112
1911 89 113
1912 88 113
1913 87 113
1914 87 114
1915 87 115
1916 87 116
1917 87 117
1918 87 118
1919 87 119
1920 87 120
1921 87 121
1922 87 122
1923 86 122
1924 86 123
1925 86 124
1926 86 125
1927 85 125
1928 84 125
1929 83 125
1930 83 126
1931 83 127
1932 83 128
1933 83 129
1934 84 129
1935 84 130
1936 85 130
1937 85 131
1938 86 131
1939 87 131
1940 87 132
1941 88 132
1942 89 132
1943 90 132
1944 91 132
1945 92 132
1946 92 131
1947 93 131
1948 93 130
1949 94 130
1950 94 129
1951 95 129
1952 95 128
1953 95 127
1954 95 126
1955 94 126
1956 93 126
1957 92 126
1958 92 125
1959 92 124
1960 93 124
1961 93 123
1962 93 122
1963 93 121
1964 93 120
1965 93 119
1966 93 118
1967 93 117
1968 93 116
1969 125 168
1970 125 167
1971 126 167
1972 126 166
1973 126 165
1974 126 164
1975 127 164
1976 128 164
1977 128 163
1978 129 163
1979 130 163
1980 130 164
1981 130 165
1982 131 165
1983 131 166
1984 132 166
1985 132 167
1986 132 168
1987 131 168
1988 131 169
1989 131 170
1990 131 171
1991 131 172
1992 130 172
1993 130 173
1994 130 174
1995 130 175
1996 130 176
1997 129 176
1998 129 177
1999 129 178
2000 130 178
2001 131 178
2002 131 179
2003 131 180
2004 131 181
2005 130 181
2006 130 182
2007 129 182
2008 129 183
2009 128 183
2010 127 183
2011 126 183
2012 125 183
2013 124 183
2014 123 183
2015 123 182
2016 122 182
2017 121 182
2018 121 181
2019 121 180
2020 120 180
2021 120 179
2022 120 178
2023 120 177
2024 120 176
2025 121 176
2026 122 176
2027 123 176
2028 123 175
2029 124 175
2030 124 174
2031 124 173
2032 124 172
2033 124 171
2034 125 171
2035 125 170
2036 125 169
2037 63 85
2038 62 85
2039 62 86
2040 61 86
2041 60 86
2042 59 86
2043 59 85
2044 58 85
2045 58 84
2046 57 84
2047 57 83
2048 57 82
2049 57 81
2050 57 80
2051 57 79
2052 58 79
2053 58 78
2054 59 78
2055 59 77
2056 59 76
2057 60 76
2058 61 76
2059 61 75
2060 62 75
2061 63 75
2062 64 75
2063 65 75
2064 65 76
2065 65 77
2066 65 78
2067 65 79
2068 66 79
2069 67 79
2070 67 80
2071 68 80
2072 69 80
2073 69 81
2074 70 81
2075 71 81
2076 72 81
2077 72 82
2078 73 82
2079 74 82
2080 75 82
2081 75 83
2082 76 83
2083 76 84
2084 76 85
2085 75 85
2086 75 86
2087 75 87
2088 74 87
2089 74 88
2090 73 88
2091 72 88
2092 71 88
2093 70 88
2094 70 87
2095 69 87
2096 68 87
2097 68 86
2098 67 86
2099 66 86
2100 65 86
2101 65 85
2102 64 85
2103 109 205
2104 108 205
2105 107 205
2106 107 206
2107 106 206
2108 105 206
2109 104 206
2110 103 206
2111 103 207
2112 102 207
2113 101 207
2114 100 207
2115 99 207
2116 99 206
2117 99 205
2118 99 204
2119 99 203
2120 98 203
2121 98 202
2122 98 201
2123 99 201
2124 100 201
2125 101 201
2126 101 200
2127 102 200
2128 103 200
2129 104 200
2130 105 200
2131 105 199
2132 106 199
2133 107 199
2134 108 199
2135 108 200
2136 109 200
2137 110 200
2138 111 200
2139 111 199
2140 112 199
2141 113 199
2142 114 199
2143 115 199
2144 115 200
2145 115 201
2146 115 202
2147 114 202
2148 113 202
2149 113 203
2150 112 203
2151 111 203
2152 110 203
2153 110 204
2154 110 205
2155 139 125
2156 139 124
2157 138 124
2158 138 123
2159 137 123
2160 136 123
2161 135 123
2162 134 123
2163 133 123
2164 133 122
2165 133 121
2166 133 120
2167 133 119
2168 133 118
2169 133 117
2170 134 117
2171 134 116
2172 135 116
2173 135 115
2174 136 115
2175 137 115
2176 137 114
2177 138 114
2178 139 114
2179 140 114
2180 141 114
2181 141 113
2182 141 112
2183 141 111
2184 141 110
2185 141 109
2186 141 108
2187 141 107
2188 141 106
2189 141 105
2190 141 104
2191 141 103
2192 141 102
2193 141 101
2194 141 100
2195 141 99
2196 141 98
2197 141 97
2198 141 96
2199 141 95
2200 141 94
2201 142 117
2202 142 118
2203 142 119
2204 142 120
2205 143 120
2206 143 121
2207 144 121
2208 144 122
2209 145 122
2210 145 123
2211 146 123
2212 146 124
2213 147 124
2214 147 125
2215 148 125
2216 148 126
2217 148 127
2218 149 127
2219 149 128
2220 149 129
2221 149 130
2222 149 131
2223 148 131
2224 147 131
2225 146 131
2226 145 131
2227 144 131
2228 144 130
2229 143 130
2230 143 129
2231 142 129
2232 142 128
2233 141 128
2234 141 127
2235 140 127
2236 140 126
2237 139 126
2238 183 122
2239 182 122
2240 181 122
2241 180 122
2242 179 122
2243 179 123
2244 179 124
2245 178 124
2246 178 123
2247 177 123
2248 176 123
2249 175 123
2250 174 123
2251 173 123
2252 172 123
2253 172 124
2254 172 125
2255 173 125
2256 174 125
2257 175 125
2258 176 125
2259 177 125
2260 178 125
2261 171 125
2262 171 124
2263 170 124
2264 169 124
2265 168 124
2266 167 124
2267 167 123
2268 166 123
2269 165 123
2270 164 123
2271 164 122
2272 163 122
2273 162 122
2274 162 121
2275 161 121
2276 160 121
2277 160 120
2278 159 120
2279 158 120
2280 158 119
2281 157 119
2282 156 119
2283 156 118
2284 157 149
2285 157 150
2286 157 151
2287 157 152
2288 157 153
2289 156 153
2290 155 153
2291 154 153
2292 154 152
2293 153 152
2294 152 152
2295 152 151
2296 152 150
2297 153 150
2298 153 149
2299 153 148
2300 154 148
2301 155 148
2302 156 148
2303 156 149
2304 142 89
2305 142 88
2306 142 87
2307 142 86
2308 143 86
2309 143 85
2310 143 84
2311 143 83
2312 143 82
2313 143 81
2314 143 80
2315 144 80
2316 144 79
2317 144 78
2318 145 78
2319 145 77
2320 145 76
2321 146 76
2322 146 75
2323 161 123
2324 160 123
2325 159 123
2326 158 123
2327 158 122
2328 157 122
2329 157 121
2330 156 121
2331 155 121
2332 155 120
2333 154 120
2334 153 120
2335 153 119
2336 152 119
2337 151 119
2338 151 118
2339 150 118
2340 92 225
2341 92 224
2342 92 223
2343 93 223
2344 93 222
2345 94 222
2346 95 222
2347 96 222
2348 96 223
2349 96 224
2350 96 225
2351 96 226
2352 95 226
2353 94 226
2354 93 226
2355 93 225
2356 123 210
2357 123 209
2358 122 209
2359 122 208
2360 122 207
2361 122 206
2362 123 206
2363 124 206
2364 125 206
2365 126 206
2366 126 207
2367 126 208
2368 126 209
2369 125 209
2370 125 210
2371 124 210
2372 166 132
2373 166 131
2374 166 130
2375 166 129
2376 165 129
2377 164 129
2378 163 129
2379 162 129
2380 162 128
2381 162 127
2382 162 126
2383 162 125
2384 162 124
2385 162 123
2386 55 102
2387 55 101
2388 55 100
2389 56 100
2390 56 99
2391 57 99
2392 58 99
2393 58 100
2394 58 101
2395 58 102
2396 57 102
2397 56 102
2398 136 162
2399 136 161
2400 136 160
2401 137 160
2402 138 160
2403 138 161
2404 139 161
2405 139 162
2406 139 163
2407 138 163
2408 137 163
2409 136 163
2410 122 191
2411 121 191
2412 120 191
2413 120 190
2414 120 189
2415 121 189
2416 122 189
2417 123 189
2418 123 190
2419 123 191
2420 75 204
2421 74 204
2422 73 204
2423 73 205
2424 73 206
2425 74 206
2426 75 206
2427 76 206
2428 76 205
2429 76 204
2430 173 150
2431 173 149
2432 173 148
2433 174 148
2434 175 148
2435 175 149
2436 175 150
2437 175 151
2438 174 151
2439 173 151
2440 63 177
2441 63 176
2442 63 175
2443 63 174
2444 64 174
2445 65 174
2446 65 175
2447 65 176
2448 65 177
2449 64 177
2450 95 179
2451 95 180
2452 95 181
2453 96 181
2454 97 181
2455 98 181
2456 98 180
2457 98 179
2458 97 179
2459 96 179
2460 169 132
2461 169 131
2462 170 131
2463 170 130
2464 170 129
2465 170 128
2466 171 128
2467 171 127
2468 171 126
2469 139 13
2470 138 13
2471 138 12
2472 138 11
2473 139 11
2474 140 11
2475 140 12
2476 140 13
2477 112 231
2478 112 232
2479 112 233
2480 113 233
2481 114 233
2482 114 232
2483 114 231
2484 113 231
2485 104 222
2486 103 222
2487 103 221
2488 103 220
2489 104 220
2490 105 220
2491 105 221
2492 105 222
2493 174 168
2494 173 168
2495 173 167
2496 173 166
2497 174 166
2498 175 166
2499 175 167
2500 175 168
2501 104 216
2502 104 215
2503 104 214
2504 103 214
2505 102 214
2506 102 215
2507 102 216
2508 103 216
2509 74 78
2510 74 77
2511 74 76
2512 73 76
2513 72 76
2514 72 77
2515 72 78
2516 73 78
2517 155 118
2518 154 118
2519 154 117
2520 153 117
2521 152 117
2522 152 116
2523 151 116
2524 146 74
2525 146 73
2526 147 73
2527 147 72
2528 147 71
2529 147 70
2530 147 116
2531 146 116
2532 146 117
2533 145 117
2534 144 117
2535 143 117
2536 180 124
2537 181 124
2538 182 124
2539 183 124
2540 184 124
2541 141 93
2542 141 92
2543 142 92
2544 142 91
2545 142 90
2546 0
0 0 1
1 1 2
2 2 3
3 3 4
4 4 5
5 5 6
6 6 7
7 7 8
8 8 9
9 9 10
10 10 11
11 11 12
12 12 13
13 13 14
14 14 15
15 15 16
16 16 17
17 17 18
18 18 19
19 19 20
20 20 21
21 21 22
22 22 23
23 23 24
24 24 25
25 25 26
26 26 27
27 27 28
28 28 29
29 29 30
30 30 31
31 31 32
32 32 33
33 33 34
34 34 35
35 35 36
36 36 37
37 37 38
38 38 39
39 39 40
40 40 41
41 41 42
42 42 43
43 43 44
44 44 45
45 45 46
46 46 47
47 47 48
48 48 49
49 49 50
50 50 51
51 51 52
52 52 53
53 53 54
54 54 55
55 55 56
56 56 57
57 57 58
58 58 59
59 59 60
60 60 61
61 61 62
62 62 63
63 63 64
64 64 65
65 65 66
66 66 67
67 67 68
68 68 69
69 69 70
70 70 71
71 71 72
72 72 73
73 73 74
74 74 75
75 75 76
76 76 77
77 77 78
78 78 79
79 79 80
80 80 81
81 81 82
82 82 83
83 83 84
84 84 85
85 85 86
86 86 87
87 87 88
88 88 89
89 89 90
90 90 91
91 91 92
92 92 93
93 93 94
94 94 95
95 95 96
96 96 97
97 97 98
98 98 99
99 99 100
100 100 101
101 101 102
102 102 103
103 103 104
104 104 105
105 105 106
106 106 107
107 107 108
108 108 109
109 109 110
110 110 111
111 111 112
112 112 113
113 113 114
114 114 115
115 115 116
116 116 117
117 117 118
118 118 119
119 119 120
120 120 121
121 121 122
122 122 123
123 123 124
124 124 125
125 125 126
126 126 127
127 127 128
128 128 129
129 129 130
130 130 131
131 131 132
132 132 133
133 133 134
134 134 135
135 135 136
136 136 137
137 137 138
138 138 139
139 139 140
140 140 141
141 141 142
142 142 143
143 143 144
144 144 145
145 145 146
146 146 147
147 147 148
148 148 149
149 149 150
150 150 151
151 151 152
152 152 153
153 153 154
154 154 155
155 155 156
156 156 157
157 157 158
158 158 159
159 159 160
160 160 161
161 161 162
162 162 163
163 163 164
164 164 165
165 165 166
166 166 167
167 167 168
168 168 169
169 169 170
170 170 171
171 171 172
172 172 173
173 173 174
174 174 175
175 175 176
176 176 177
177 177 178
178 178 179
179 179 180
180 180 181
181 181 182
182 182 183
183 183 184
184 184 185
185 185 186
186 186 187
187 187 188
188 188 189
189 189 190
190 190 191
191 191 192
192 192 193
193 193 194
194 194 195
195 195 196
196 196 197
197 197 198
198 198 199
199 199 200
200 200 201
201 201 202
202 202 203
203 203 204
204 204 205
205 205 206
206 206 207
207 207 208
208 208 209
209 209 210
210 210 211
211 211 212
212 212 213
213 213 214
214 214 215
215 215 216
216 216 217
217 217 218
218 218 219
219 219 220
220 220 221
221 221 222
222 222 223
223 223 224
224 224 225
225 225 226
226 226 227
227 227 228
228 228 229
229 229 230
230 230 231
231 231 232
232 232 233
233 233 234
234 234 235
235 235 236
236 236 237
237 237 238
238 238 239
239 239 240
240 240 241
241 241 242
242 242 243
243 243 244
244 244 245
245 245 246
246 246 247
247 247 248
248 248 249
249 249 250
250 250 251
251 251 252
252 252 253
253 253 254
254 254 255
255 255 256
256 256 257
257 257 258
258 258 259
259 259 260
260 260 261
261 261 262
262 262 263
263 263 264
264 264 265
265 265 266
266 266 267
267 267 268
268 268 269
269 269 270
270 270 271
271 271 272
272 272 273
273 273 274
274 274 275
275 275 276
276 276 277
277 277 278
278 278 279
279 279 280
280 280 281
281 281 282
282 282 283
283 283 284
284 284 285
285 285 286
286 286 287
287 287 288
288 288 289
289 289 290
290 290 291
291 291 292
292 292 293
293 293 294
294 294 295
295 295 296
296 296 297
297 297 298
298 298 299
299 299 300
300 300 301
301 301 302
302 302 303
303 303 304
304 304 305
305 305 306
306 306 307
307 307 308
308 308 309
309 309 310
310 310 311
311 311 312
312 312 313
313 313 314
314 314 315
315 315 316
316 316 317
317 317 318
318 318 319
319 319 320
320 320 321
321 321 322
322 322 323
323 323 324
324 324 325
325 325 326
326 326 327
327 327 328
328 328 329
329 329 330
330 330 331
331 331 332
332 332 333
333 333 334
334 334 335
335 335 336
336 336 337
337 337 338
338 338 339
339 339 340
340 340 341
341 341 342
342 342 343
343 343 344
344 344 345
345 345 346
346 346 347
347 347 348
348 348 349
349 349 350
350 350 351
351 351 352
352 352 353
353 353 354
354 354 355
355 355 356
356 356 357
357 357 358
358 358 359
359 359 360
360 360 361
361 361 362
362 362 363
363 363 364
364 364 365
365 365 366
366 366 367
367 367 368
368 368 369
369 369 370
370 370 371
371 371 372
372 372 373
373 373 374
374 374 375
375 375 376
376 376 377
377 377 378
378 378 379
379 379 380
380 380 381
381 381 382
382 382 383
383 383 384
384 384 385
385 385 386
386 386 387
387 387 388
388 388 389
389 389 390
390 390 391
391 391 392
392 392 393
393 393 394
394 394 395
395 395 396
396 396 397
397 397 398
398 398 399
399 399 400
400 400 401
401 401 402
402 402 403
403 403 404
404 404 405
405 405 406
406 406 407
407 407 408
408 408 409
409 409 410
410 410 411
411 411 412
412 412 413
413 413 414
414 414 415
415 415 416
416 416 417
417 417 418
418 418 419
419 419 420
420 420 421
421 421 422
422 422 423
423 423 424
424 424 425
425 425 426
426 426 427
427 427 428
428 428 429
429 429 430
430 430 431
431 431 432
432 432 433
433 433 434
434 434 435
435 435 436
436 436 437
437 437 438
438 438 439
439 439 440
440 440 441
441 441 442
442 442 443
443 443 444
444 444 445
445 445 446
446 446 447
447 447 448
448 448 449
449 449 450
450 450 451
451 451 452
452 452 453
453 453 454
454 454 455
455 455 456
456 456 457
457 457 458
458 458 459
459 459 460
460 460 461
461 461 462
462 462 463
463 463 464
464 464 465
465 465 466
466 466 467
467 467 468
468 468 469
469 469 470
470 470 471
471 471 472
472 472 473
473 473 474
474 474 475
475 475 476
476 476 477
477 477 478
478 478 479
479 479 480
480 480 481
481 481 482
482 482 483
483 483 484
484 484 485
485 485 486
486 486 487
487 487 488
488 488 489
489 489 490
490 490 491
491 491 492
492 492 493
493 493 494
494 494 495
495 495 496
496 496 497
497 497 498
498 498 499
499 499 500
500 500 501
501 501 502
502 502 503
503 503 504
504 504 505
505 505 506
506 506 507
507 507 508
508 508 509
509 509 510
510 510 511
511 511 512
512 512 513
513 513 514
514 514 515
515 515 516
516 516 517
517 517 518
518 518 519
519 519 520
520 520 521
521 521 522
522 522 523
523 523 524
524 524 525
525 525 526
526 526 527
527 527 528
528 528 529
529 529 530
530 530 531
531 531 532
532 532 533
533 533 534
534 534 535
535 535 536
536 536 537
537 537 538
538 538 539
539 539 540
540 540 541
541 541 542
542 542 543
543 543 544
544 544 545
545 545 546
546 546 547
547 547 548
548 548 549
549 549 550
550 550 551
551 551 552
552 552 553
553 553 554
554 554 555
555 555 556
556 556 557
557 557 558
558 558 559
559 559 560
560 560 561
561 561 562
562 562 563
563 563 564
564 564 565
565 565 566
566 566 567
567 567 568
568 568 569
569 569 570
570 570 571
571 571 572
572 572 573
573 573 574
574 574 575
575 575 576
576 576 577
577 577 578
578 578 579
579 579 580
580 580 581
581 581 582
582 582 583
583 583 584
584 584 585
585 585 586
586 586 587
587 587 588
588 588 589
589 589 590
590 590 591
591 591 592
592 592 593
593 593 594
594 594 595
595 595 596
596 596 597
597 597 598
598 598 599
599 599 600
600 600 601
601 601 602
602 602 603
603 603 604
604 604 605
605 605 606
606 606 607
607 607 608
608 608 609
609 609 610
610 610 611
611 611 612
612 612 613
613 613 614
614 614 615
615 615 616
616 616 617
617 617 618
618 618 619
619 619 620
620 620 621
621 621 622
622 622 623
623 623 624
624 624 625
625 625 626
626 626 627
627 627 628
628 628 629
629 629 630
630 630 631
631 631 632
632 632 633
633 633 634
634 634 635
635 635 636
636 636 637
637 637 638
638 638 639
639 639 640
640 640 641
641 641 642
642 642 643
643 643 644
644 644 645
645 645 646
646 646 647
647 647 648
648 648 649
649 649 650
650 650 651
651 651 652
652 652 653
653 653 654
654 654 655
655 655 656
656 656 657
657 657 658
658 658 659
659 659 660
660 660 661
661 661 662
662 662 663
663 663 664
664 664 665
665 665 666
666 666 667
667 667 668
668 668 669
669 669 670
670 670 671
671 671 672
672 672 673
673 673 674
674 674 675
675 675 676
676 676 677
677 677 678
678 678 679
679 679 680
680 680 681
681 681 682
682 682 683
683 683 684
684 684 685
685 685 686
686 686 687
687 687 688
688 688 689
689 689 690
690 690 691
691 691 692
692 692 693
693 693 694
694 694 695
695 695 696
696 696 697
697 697 698
698 698 699
699 699 700
700 700 701
701 701 702
702 702 703
703 703 704
704 704 705
705 705 706
706 706 707
707 707 708
708 708 709
709 709 710
710 710 711
711 711 712
712 712 713
713 713 714
714 714 715
715 715 716
716 716 717
717 717 718
718 718 719
719 719 720
720 720 721
721 721 722
722 722 723
723 723 724
724 724 725
725 725 726
726 726 727
727 727 728
728 728 729
729 729 730
730 730 731
731 731 732
732 732 733
733 733 734
734 734 735
735 735 736
736 736 737
737 737 738
738 738 739
739 739 740
740 740 741
741 741 742
742 742 743
743 743 744
744 744 745
745 745 746
746 746 747
747 747 748
748 748 749
749 749 750
750 750 751
751 751 752
752 752 753
753 753 754
754 754 755
755 755 756
756 756 757
757 757 758
758 758 759
759 759 760
760 760 761
761 761 762
762 762 763
763 763 764
764 764 765
765 765 766
766 766 767
767 767 768
768 768 769
769 769 770
770 770 771
771 771 772
772 772 773
773 773 774
774 774 775
775 775 776
776 776 777
777 777 778
778 778 779
779 779 780
780 780 781
781 781 782
782 782 783
783 783 784
784 784 785
785 785 786
786 786 787
787 787 788
788 788 789
789 789 790
790 790 791
791 791 792
792 792 793
793 793 794
794 794 795
795 795 796
796 796 797
797 797 798
798 798 799
799 799 800
800 800 801
801 801 802
802 802 803
803 803 804
804 804 805
805 805 806
806 806 807
807 807 808
808 808 809
809 809 810
810 810 811
811 811 812
812 812 813
813 813 814
814 814 815
815 815 816
816 816 817
817 817 818
818 818 819
819 819 820
820 820 821
821 821 822
822 822 823
823 823 824
824 824 825
825 825 826
826 826 827
827 827 828
828 828 829
829 829 830
830 830 831
831 831 832
832 832 833
833 833 834
834 834 835
835 835 836
836 836 837
837 837 838
838 838 839
839 839 840
840 840 841
841 841 842
842 842 843
843 843 844
844 844 845
845 845 846
846 846 847
847 847 848
848 848 849
849 849 850
850 850 851
851 851 852
852 852 853
853 853 854
854 854 855
855 855 856
856 856 857
857 857 858
858 858 859
859 859 860
860 860 861
861 861 862
862 862 863
863 863 864
864 864 865
865 865 866
866 866 867
867 867 868
868 868 869
869 869 870
870 870 871
871 871 872
872 872 873
873 873 874
874 874 875
875 875 876
876 876 877
877 877 878
878 878 879
879 879 880
880 880 881
881 881 882
882 882 883
883 883 884
884 884 885
885 885 886
886 886 887
887 887 888
888 888 889
889 889 890
890 890 891
891 891 892
892 892 893
893 893 894
894 894 895
895 895 896
896 896 897
897 897 898
898 898 899
899 899 900
900 900 901
901 901 902
902 902 903
903 903 904
904 904 905
905 905 906
906 906 907
907 907 908
908 908 909
909 909 910
910 910 911
911 911 912
912 912 913
913 913 914
914 914 915
915 915 916
916 916 917
917 917 918
918 918 919
919 919 920
920 920 921
921 921 922
922 922 923
923 923 924
924 924 925
925 925 926
926 926 927
927 927 928
928 928 929
929 929 930
930 930 931
931 931 932
932 932 933
933 933 934
934 934 935
935 935 936
936 936 937
937 937 938
938 938 939
939 939 940
940 940 941
941 941 942
942 942 943
943 943 944
944 944 945
945 945 946
946 946 947
947 947 948
948 948 949
949 949 950
950 950 951
951 951 952
952 952 953
953 953 954
954 954 955
955 955 956
956 956 957
957 957 958
958 958 959
959 959 960
960 960 961
961 961 962
962 962 963
963 963 964
964 964 965
965 965 966
966 966 967
967 967 968
968 968 969
969 969 970
970 970 971
971 971 972
972 972 973
973 973 974
974 974 975
975 975 976
976 976 977
977 977 978
978 978 979
979 979 980
980 980 981
981 981 982
982 982 983
983 983 984
984 984 985
985 985 986
986 986 987
987 987 988
988 988 989
989 989 990
990 990 991
991 991 992
992 992 993
993 993 994
994 994 995
995 995 996
996 996 997
997 997 998
998 998 999
999 999 1000
1000 1000 1001
1001 1001 1002
1002 1002 1003
1003 1003 1004
1004 1004 1005
1005 1005 1006
1006 1006 1007
1007 1007 1008
1008 1008 1009
1009 1009 1010
1010 1010 1011
1011 1011 1012
1012 1012 1013
1013 1013 1014
1014 1014 1015
1015 1015 1016
1016 1016 1017
1017 1017 1018
1018 1018 1019
1019 1019 1020
1020 1020 1021
1021 1021 1022
1022 1022 1023
1023 1023 1024
1024 1024 1025
1025 1025 1026
1026 1026 1027
1027 1027 1028
1028 1028 1029
1029 1029 1030
1030 1030 1031
1031 1031 1032
1032 1032 1033
1033 1033 1034
1034 1034 1035
1035 1035 1036
1036 1036 1037
1037 1037 1038
1038 1038 1039
1039 1039 1040
1040 1040 1041
1041 1041 1042
1042 1042 1043
1043 1043 1044
1044 1044 1045
1045 1045 1046
1046 1046 1047
1047 1047 1048
1048 1048 1049
1049 1049 1050
1050 1050 1051
1051 1051 1052
1052 1052 1053
1053 1053 1054
1054 1054 1055
1055 1055 1056
1056 1056 1057
1057 1057 1058
1058 1058 1059
1059 1059 1060
1060 1060 1061
1061 1061 1062
1062 1062 1063
1063 1063 1064
1064 1064 1065
1065 1065 1066
1066 1066 1067
1067 1067 1068
1068 1068 1069
1069 1069 1070
1070 1070 1071
1071 1071 1072
1072 1072 1073
1073 1073 1074
1074 1074 1075
1075 1075 1076
1076 1076 1077
1077 1077 1078
1078 1078 1079
1079 1079 1080
1080 1080 1081
1081 1081 1082
1082 1082 1083
1083 1083 1084
1084 1084 1085
1085 1085 1086
1086 1086 1087
1087 1087 1088
1088 1088 1089
1089 1089 1090
1090 1090 1091
1091 1091 1092
1092 1092 1093
1093 1093 1094
1094 1094 1095
1095 1095 1096
1096 1096 1097
1097 1097 1098
1098 1098 1099
1099 1099 1100
1100 1100 1101
1101 1101 1102
1102 1102 1103
1103 1103 1104
1104 1104 1105
1105 1105 1106
1106 1106 1107
1107 1107 1108
1108 1108 1109
1109 1109 1110
1110 1110 1111
1111 1111 1112
1112 1112 1113
1113 1113 1114
1114 1114 1115
1115 1115 1116
1116 1116 1117
1117 1117 1118
1118 1118 1119
1119 1119 1120
1120 1120 1121
1121 1121 1122
1122 1122 1123
1123 1123 1124
1124 1124 1125
1125 1125 1126
1126 1126 1127
1127 1127 1128
1128 1128 1129
1129 1129 1130
1130 1130 1131
1131 1131 1132
1132 1132 1133
1133 1133 1134
1134 1134 1135
1135 1135 1136
1136 1136 1137
1137 1137 1138
1138 1138 1139
1139 1139 1140
1140 1140 1141
1141 1141 1142
1142 1142 1143
1143 1143 1144
1144 1144 1145
1145 1145 1146
1146 1146 1147
1147 1147 1148
1148 1148 1149
1149 1149 1150
1150 1150 1151
1151 1151 1152
1152 1152 1153
1153 1153 1154
1154 1154 1155
1155 1155 1156
1156 1156 1157
1157 1157 1158
1158 1158 1159
1159 1159 1160
1160 1160 1161
1161 1161 1162
1162 1162 1163
1163 1163 1164
1164 1164 1165
1165 1165 1166
1166 1166 1167
1167 1167 1168
1168 1168 1169
1169 1169 1170
1170 1170 1171
1171 1171 1172
1172 1172 1173
1173 1173 1174
1174 1174 1175
1175 1175 1176
1176 1176 1177
1177 1177 1178
1178 1178 1179
1179 1179 1180
1180 1180 1181
1181 1181 1182
1182 1182 1183
1183 1183 1184
1184 1184 1185
1185 1185 1186
1186 1186 1187
1187 1187 1188
1188 1188 1189
1189 1189 1190
1190 1190 1191
1191 1191 1192
1192 1192 1193
1193 1193 1194
1194 1194 1195
1195 1195 1196
1196 1196 1197
1197 1197 1198
1198 1198 1199
1199 1199 1200
1200 1200 1201
1201 1201 1202
1202 1202 1203
1203 1203 1204
1204 1204 1205
1205 1205 1206
1206 1206 1207
1207 1207 1208
1208 1208 1209
1209 1209 1210
1210 1210 1211
1211 1211 1212
1212 1212 1213
1213 1213 1214
1214 1214 1215
1215 1215 1216
1216 1216 1217
1217 1217 1218
1218 1218 1219
1219 1219 1220
1220 1220 1221
1221 1221 1222
1222 1222 1223
1223 1223 1224
1224 1224 1225
1225 1225 1226
1226 1226 1227
1227 1227 1228
1228 1228 1229
1229 1229 1230
1230 1230 1231
1231 1231 1232
1232 1232 1233
1233 1233 1234
1234 1234 1235
1235 1235 1236
1236 1236 1237
1237 1237 1238
1238 1238 1239
1239 1239 1240
1240 1240 1241
1241 1241 1242
1242 1242 1243
1243 1243 1244
1244 1244 1245
1245 1245 1246
1246 1246 1247
1247 1247 1248
1248 1248 1249
1249 1249 1250
1250 1250 1251
1251 1251 1252
1252 1252 1253
1253 1253 1254
1254 1254 1255
1255 1255 1256
1256 1256 1257
1257 1257 1258
1258 1258 1259
1259 1259 1260
1260 1260 1261
1261 1261 1262
1262 1262 1263
1263 1263 1264
1264 1264 1265
1265 1265 1266
1266 1266 1267
1267 1267 1268
1268 1268 1269
1269 1269 1270
1270 1270 1271
1271 1271 1272
1272 1272 1273
1273 1273 1274
1274 1274 1275
1275 1275 1276
1276 1276 1277
1277 1277 1278
1278 1278 1279
1279 1279 1280
1280 1280 1281
1281 1281 1282
1282 1282 1283
1283 1283 1284
1284 1284 1285
1285 1285 1286
1286 1286 1287
1287 1287 1288
1288 1288 1289
1289 1289 1290
1290 1290 1291
1291 1291 1292
1292 1292 1293
1293 1293 1294
1294 1294 1295
1295 1295 1296
1296 1296 1297
1297 1297 1298
1298 1298 1299
1299 1299 1300
1300 1300 1301
1301 1301 1302
1302 1302 1303
1303 1303 1304
1304 1304 1305
1305 1305 1306
1306 1306 1307
1307 1307 1308
1308 1308 1309
1309 1309 1310
1310 1310 1311
1311 1311 1312
1312 1312 1313
1313 1313 1314
1314 1314 1315
1315 1315 1316
1316 1316 1317
1317 1317 1318
1318 1318 1319
1319 1319 1320
1320 1320 1321
1321 1321 1322
1322 1322 1323
1323 1323 1324
1324 1324 1325
1325 1325 1326
1326 1326 1327
1327 1327 1328
1328 1328 1329
1329 1329 1330
1330 1330 1331
1331 1331 1332
1332 1332 1333
1333 1333 1334
1334 1334 1335
1335 1335 1336
1336 1336 1337
1337 1337 1338
1338 1338 1339
1339 1339 1340
1340 1340 1341
1341 1341 1342
1342 1342 1343
1343 1343 1344
1344 1344 1345
1345 1345 1346
1346 1346 1347
1347 1347 1348
1348 1348 1349
1349 1349 1350
1350 1350 1351
1351 1351 1352
1352 1352 1353
1353 1353 1354
1354 1354 1355
1355 1355 1356
1356 1356 1357
1357 1357 1358
1358 1358 1359
1359 1359 1360
1360 1360 1361
1361 1361 1362
1362 1362 1363
1363 1363 1364
1364 1364 1365
1365 1365 1366
1366 1366 1367
1367 1367 1368
1368 1368 1369
1369 1369 1370
1370 1370 1371
1371 1371 1372
1372 1372 1373
1373 1373 1374
1374 1374 1375
1375 1375 1376
1376 1376 1377
1377 1377 1378
1378 1378 1379
1379 1379 1380
1380 1380 1381
1381 1381 1382
1382 1382 1383
1383 1383 1384
1384 1384 1385
1385 1385 1386
1386 1386 1387
1387 1387 1388
1388 1388 1389
1389 1389 1390
1390 1390 1391
1391 1391 1392
1392 1392 1393
1393 1393 1394
1394 1394 1395
1395 1395 1396
1396 1396 1397
1397 1397 1398
1398 1398 1399
1399 1399 1400
1400 1400 1401
1401 1401 1402
1402 1402 1403
1403 1403 1404
1404 1404 1405
1405 1405 1406
1406 1406 1407
1407 1407 1408
1408 1408 1409
1409 1409 1410
1410 1410 1411
1411 1411 1412
1412 1412 1413
1413 1413 1414
1414 1414 1415
1415 1415 1416
1416 1416 1417
1417 1417 1418
1418 1418 1419
1419 1419 1420
1420 1420 1421
1421 1421 1422
1422 1422 1423
1423 1423 1424
1424 1424 1425
1425 1425 1426
1426 1426 1427
1427 1427 1428
1428 1428 1429
1429 1429 1430
1430 1430 1431
1431 1431 1432
1432 1432 1433
1433 1433 1434
1434 1434 1435
1435 1435 1436
1436 1436 1437
1437 1437 1438
1438 1438 1439
1439 1439 1440
1440 1440 1441
1441 1441 1442
1442 1442 1443
1443 1443 1444
1444 1444 1445
1445 1445 1446
1446 1446 1447
1447 1447 1448
1448 1448 1449
1449 1449 1450
1450 1450 1451
1451 1451 1452
1452 1452 1453
1453 1453 1454
1454 1454 1455
1455 1455 1456
1456 1456 1457
1457 1457 1458
1458 1458 1459
1459 1459 1460
1460 1460 1461
1461 1461 1462
1462 1462 1463
1463 1463 1464
1464 1464 1465
1465 1465 1466
1466 1466 1467
1467 1467 1468
1468 1468 1469
1469 1469 1470
1470 1470 1471
1471 1471 1472
1472 1472 1473
1473 1473 1474
1474 1474 1475
1475 1475 1476
1476 1476 1477
1477 1477 1478
1478 1478 1479
1479 1479 1480
1480 1480 1481
1481 1481 1482
1482 1482 1483
1483 1483 1484
1484 1484 1485
1485 1485 1486
1486 1486 1487
1487 1487 1488
1488 1488 1489
1489 1489 1490
1490 1490 1491
1491 1491 1492
1492 1492 1493
1493 1493 1494
1494 1494 1495
1495 1495 1496
1496 1496 1497
1497 1497 1498
1498 1498 1499
1499 1499 1500
1500 1500 1501
1501 1501 1502
1502 1502 1503
1503 1503 1504
1504 1504 1505
1505 1505 1506
1506 1506 1507
1507 1507 1508
1508 1508 1509
1509 1509 1510
1510 1510 1511
1511 1511 1512
1512 1512 1513
1513 1513 1514
1514 1514 1515
1515 1515 1516
1516 1516 1517
1517 1517 1518
1518 1518 1519
1519 1519 1520
1520 1520 1521
1521 1521 1522
1522 1522 1523
1523 1523 1524
1524 1524 1525
1525 1525 1526
1526 1526 1527
1527 1527 1528
1528 1528 1529
1529 1529 1530
1530 1530 1531
1531 1531 1532
1532 1532 1533
1533 1533 1534
1534 1534 1535
1535 1535 1536
1536 1536 1537
1537 1537 1538
1538 1538 1539
1539 1539 1540
1540 1540 1541
1541 1541 1542
1542 1542 1543
1543 1543 1544
1544 1544 1545
1545 1545 1546
1546 1546 1547
1547 1547 1548
1548 1548 1549
1549 1549 1550
1550 1550 1551
1551 1551 1552
1552 1552 1553
1553 1553 1554
1554 1554 1555
1555 1555 1556
1556 1556 1557
1557 1557 1558
1558 1558 1559
1559 1559 1560
1560 1560 1561
1561 1561 1562
1562 1562 1563
1563 1563 1564
1564 1564 1565
1565 1565 1566
1566 1566 1567
1567 1567 1568
1568 1568 1569
1569 1569 1570
1570 1570 1571
1571 1571 1572
1572 1572 1573
1573 1573 1574
1574 1574 1575
1575 1575 1576
1576 1576 1577
1577 1577 1578
1578 1578 1579
1579 1579 1580
1580 1580 1581
1581 1581 1582
1582 1582 1583
1583 1583 1584
1584 1584 1585
1585 1585 1586
1586 1586 1587
1587 1587 1588
1588 1588 1589
1589 1589 1590
1590 1590 1591
1591 1591 1592
1592 1592 1593
1593 1593 1594
1594 1594 1595
1595 1595 1596
1596 1596 1597
1597 1597 1598
1598 1598 1599
1599 1599 1600
1600 1600 1601
1601 1601 1602
1602 1602 1603
1603 1603 1604
1604 1604 1605
1605 1605 1606
1606 1606 1607
1607 1607 1608
1608 1608 1609
1609 1609 1610
1610 1610 1611
1611 1611 1612
1612 1612 1613
1613 1613 1614
1614 1614 1615
1615 1615 1616
1616 1616 1617
1617 1617 1618
1618 1618 1619
1619 1619 1620
1620 1620 1621
1621 1621 1622
1622 1622 1623
1623 1623 1624
1624 1624 1625
1625 1625 1626
1626 1626 1627
1627 1627 1628
1628 1628 1629
1629 1629 1630
1630 1630 1631
1631 1631 1632
1632 1632 1633
1633 1633 1634
1634 1634 1635
1635 1635 1636
1636 1636 1637
1637 1637 1638
1638 1638 1639
1639 1639 1640
1640 1640 0
1641 1641 1642
1642 1642 1643
1643 1643 1644
1644 1644 1645
1645 1645 1646
1646 1646 1647
1647 1647 1648
1648 1648 1649
1649 1649 1650
1650 1650 1651
1651 1651 1652
1652 1652 1653
1653 1653 1654
1654 1654 1655
1655 1655 1656
1656 1656 1657
1657 1657 1658
1658 1658 1659
1659 1659 1660
1660 1660 1661
1661 1661 1662
1662 1662 1663
1663 1663 1664
1664 1664 1665
1665 1665 1666
1666 1666 1667
1667 1667 1668
1668 1668 1669
1669 1669 1670
1670 1670 1671
1671 1671 1672
1672 1672 1673
1673 1673 1674
1674 1674 1675
1675 1675 1676
1676 1676 1677
1677 1677 1678
1678 1678 1679
1679 1679 1680
1680 1680 1681
1681 1681 1682
1682 1682 1683
1683 1683 1684
1684 1684 1685
1685 1685 1686
1686 1686 1687
1687 1687 1688
1688 1688 1689
1689 1689 1690
1690 1690 1691
1691 1691 1692
1692 1692 1693
1693 1693 1694
1694 1694 1695
1695 1695 1696
1696 1696 1697
1697 1697 1698
1698 1698 1699
1699 1699 1700
1700 1700 1701
1701 1701 1702
1702 1702 1703
1703 1703 1704
1704 1704 1705
1705 1705 1706
1706 1706 1707
1707 1707 1708
1708 1708 1709
1709 1709 1710
1710 1710 1711
1711 1711 1712
1712 1712 1713
1713 1713 1714
1714 1714 1715
1715 1715 1716
1716 1716 1717
1717 1717 1718
1718 1718 1719
1719 1719 1720
1720 1720 1721
1721 1721 1722
1722 1722 1723
1723 1723 1724
1724 1724 1725
1725 1725 1726
1726 1726 1727
1727 1727 1728
1728 1728 1729
1729 1729 1730
1730 1730 1731
1731 1731 1732
1732 1732 1733
1733 1733 1734
1734 1734 1735
1735 1735 1736
1736 1736 1737
1737 1737 1738
1738 1738 1739
1739 1739 1740
1740 1740 1741
1741 1741 1742
1742 1742 1743
1743 1743 1744
1744 1744 1745
1745 1745 1746
1746 1746 1747
1747 1747 1748
1748 1748 1749
1749 1749 1750
1750 1750 1641
1751 1751 1752
1752 1752 1753
1753 1753 1754
1754 1754 1755
1755 1755 1756
1756 1756 1757
1757 1757 1758
1758 1758 1759
1759 1759 1760
1760 1760 1761
1761 1761 1762
1762 1762 1763
1763 1763 1764
1764 1764 1765
1765 1765 1766
1766 1766 1767
1767 1767 1768
1768 1768 1769
1769 1769 1770
1770 1770 1771
1771 1771 1772
1772 1772 1773
1773 1773 1774
1774 1774 1775
1775 1775 1776
1776 1776 1777
1777 1777 1778
1778 1778 1779
1779 1779 1780
1780 1780 1781
1781 1781 1782
1782 1782 1783
1783 1783 1784
1784 1784 1785
1785 1785 1786
1786 1786 1787
1787 1787 1788
1788 1788 1789
1789 1789 1790
1790 1790 1791
1791 1791 1792
1792 1792 1793
1793 1793 1794
1794 1794 1795
1795 1795 1796
1796 1796 1797
1797 1797 1798
1798 1798 1799
1799 1799 1800
1800 1800 1801
1801 1801 1802
1802 1802 1803
1803 1803 1804
1804 1804 1805
1805 1805 1806
1806 1806 1807
1807 1807 1808
1808 1808 1809
1809 1809 1810
1810 1810 1811
1811 1811 1812
1812 1812 1813
1813 1813 1814
1814 1814 1815
1815 1815 1816
1816 1816 1817
1817 1817 1818
1818 1818 1819
1819 1819 1820
1820 1820 1821
1821 1821 1822
1822 1822 1823
1823 1823 1824
1824 1824 1751
1825 1825 1826
1826 1826 1827
1827 1827 1828
1828 1828 1829
1829 1829 1830
1830 1830 1831
1831 1831 1832
1832 1832 1833
1833 1833 1834
1834 1834 1835
1835 1835 1836
1836 1836 1837
1837 1837 1838
1838 1838 1839
1839 1839 1840
1840 1840 1841
1841 1841 1842
1842 1842 1843
1843 1843 1844
1844 1844 1845
1845 1845 1846
1846 1846 1847
1847 1847 1848
1848 1848 1849
1849 1849 1850
1850 1850 1851
1851 1851 1852
1852 1852 1853
1853 1853 1854
1854 1854 1855
1855 1855 1856
1856 1856 1857
1857 1857 1858
1858 1858 1859
1859 1859 1860
1860 1860 1861
1861 1861 1862
1862 1862 1863
1863 1863 1864
1864 1864 1865
1865 1865 1866
1866 1866 1867
1867 1867 1868
1868 1868 1869
1869 1869 1870
1870 1870 1871
1871 1871 1872
1872 1872 1873
1873 1873 1874
1874 1874 1875
1875 1875 1876
1876 1876 1877
1877 1877 1878
1878 1878 1879
1879 1879 1880
1880 1880 1881
1881 1881 1882
1882 1882 1883
1883 1883 1884
1884 1884 1885
1885 1885 1886
1886 1886 1887
1887 1887 1888
1888 1888 1889
1889 1889 1890
1890 1890 1891
1891 1891 1892
1892 1892 1893
1893 1893 1894
1894 1894 1895
1895 1895 1896
1896 1896 1897
1897 1897 1898
1898 1898 1825
1899 1899 1900
1900 1900 1901
1901 1901 1902
1902 1902 1903
1903 1903 1904
1904 1904 1905
1905 1905 1906
1906 1906 1907
1907 1907 1908
1908 1908 1909
1909 1909 1910
1910 1910 1911
1911 1911 1912
1912 1912 1913
1913 1913 1914
1914 1914 1915
1915 1915 1916
1916 1916 1917
1917 1917 1918
1918 1918 1919
1919 1919 1920
1920 1920 1921
1921 1921 1922
1922 1922 1923
1923 1923 1924
1924 1924 1925
1925 1925 1926
1926 1926 1927
1927 1927 1928
1928 1928 1929
1929 1929 1930
1930 1930 1931
1931 1931 1932
1932 1932 1933
1933 1933 1934
1934 1934 1935
1935 1935 1936
1936 1936 1937
1937 1937 1938
1938 1938 1939
1939 1939 1940
1940 1940 1941
1941 1941 1942
1942 1942 1943
1943 1943 1944
1944 1944 1945
1945 1945 1946
1946 1946 1947
1947 1947 1948
1948 1948 1949
1949 1949 1950
1950 1950 1951
1951 1951 1952
1952 1952 1953
1953 1953 1954
1954 1954 1955
1955 1955 1956
1956 1956 1957
1957 1957 1958
1958 1958 1959
1959 1959 1960
1960 1960 1961
1961 1961 1962
1962 1962 1963
1963 1963 1964
1964 1964 1965
1965 1965 1966
1966 1966 1967
1967 1967 1968
1968 1968 1899
1969 1969 1970
1970 1970 1971
1971 1971 1972
1972 1972 1973
1973 1973 1974
1974 1974 1975
1975 1975 1976
1976 1976 1977
1977 1977 1978
1978 1978 1979
1979 1979 1980
1980 1980 1981
1981 1981 1982
1982 1982 1983
1983 1983 1984
1984 1984 1985
1985 1985 1986
1986 1986 1987
1987 1987 1988
1988 1988 1989
1989 1989 1990
1990 1990 1991
1991 1991 1992
1992 1992 1993
1993 1993 1994
1994 1994 1995
1995 1995 1996
1996 1996 1997
1997 1997 1998
1998 1998 1999
1999 1999 2000
2000 2000 2001
2001 2001 2002
2002 2002 2003
2003 2003 2004
2004 2004 2005
2005 2005 2006
2006 2006 2007
2007 2007 2008
2008 2008 2009
2009 2009 2010
2010 2010 2011
2011 2011 2012
2012 2012 2013
2013 2013 2014
2014 2014 2015
2015 2015 2016
2016 2016 2017
2017 2017 2018
2018 2018 2019
2019 2019 2020
2020 2020 2021
2021 2021 2022
2022 2022 2023
2023 2023 2024
2024 2024 2025
2025 2025 2026
2026 2026 2027
2027 2027 2028
2028 2028 2029
2029 2029 2030
2030 2030 2031
2031 2031 2032
2032 2032 2033
2033 2033 2034
2034 2034 2035
2035 2035 2036
2036 2036 1969
2037 2037 2038
2038 2038 2039
2039 2039 2040
2040 2040 2041
2041 2041 2042
2042 2042 2043
2043 2043 2044
2044 2044 2045
2045 2045 2046
2046 2046 2047
2047 2047 2048
2048 2048 2049
2049 2049 2050
2050 2050 2051
2051 2051 2052
2052 2052 2053
2053 2053 2054
2054 2054 2055
2055 2055 2056
2056 2056 2057
2057 2057 2058
2058 2058 2059
2059 2059 2060
2060 2060 2061
2061 2061 2062
2062 2062 2063
2063 2063 2064
2064 2064 2065
2065 2065 2066
2066 2066 2067
2067 2067 2068
2068 2068 2069
2069 2069 2070
2070 2070 2071
2071 2071 2072
2072 2072 2073
2073 2073 2074
2074 2074 2075
2075 2075 2076
2076 2076 2077
2077 2077 2078
2078 2078 2079
2079 2079 2080
2080 2080 2081
2081 2081 2082
2082 2082 2083
2083 2083 2084
2084 2084 2085
2085 2085 2086
2086 2086 2087
2087 2087 2088
2088 2088 2089
2089 2089 2090
2090 2090 2091
2091 2091 2092
2092 2092 2093
2093 2093 2094
2094 2094 2095
2095 2095 2096
2096 2096 2097
2097 2097 2098
2098 2098 2099
2099 2099 2100
2100 2100 2101
2101 2101 2102
2102 2102 2037
2103 2103 2104
2104 2104 2105
2105 2105 2106
2106 2106 2107
2107 2107 2108
2108 2108 2109
2109 2109 2110
2110 2110 2111
2111 2111 2112
2112 2112 2113
2113 2113 2114
2114 2114 2115
2115 2115 2116
2116 2116 2117
2117 2117 2118
2118 2118 2119
2119 2119 2120
2120 2120 2121
2121 2121 2122
2122 2122 2123
2123 2123 2124
2124 2124 2125
2125 2125 2126
2126 2126 2127
2127 2127 2128
2128 2128 2129
2129 2129 2130
2130 2130 2131
2131 2131 2132
2132 2132 2133
2133 2133 2134
2134 2134 2135
2135 2135 2136
2136 2136 2137
2137 2137 2138
2138 2138 2139
2139 2139 2140
2140 2140 2141
2141 2141 2142
2142 2142 2143
2143 2143 2144
2144 2144 2145
2145 2145 2146
2146 2146 2147
2147 2147 2148
2148 2148 2149
2149 2149 2150
2150 2150 2151
2151 2151 2152
2152 2152 2153
2153 2153 2154
2154 2154 2103
2155 2155 2156
2156 2156 2157
2157 2157 2158
2158 2158 2159
2159 2159 2160
2160 2160 2161
2161 2161 2162
2162 2162 2163
2163 2163 2164
2164 2164 2165
2165 2165 2166
2166 2166 2167
2167 2167 2168
2168 2168 2169
2169 2169 2170
2170 2170 2171
2171 2171 2172
2172 2172 2173
2173 2173 2174
2174 2174 2175
2175 2175 2176
2176 2176 2177
2177 2177 2178
2178 2178 2179
2179 2179 2180
2180 2180 2181
2181 2181 2182
2182 2182 2183
2183 2183 2184
2184 2184 2185
2185 2185 2186
2186 2186 2187
2187 2187 2188
2188 2188 2189
2189 2189 2190
2190 2190 2191
2191 2191 2192
2192 2192 2193
2193 2193 2194
2194 2194 2195
2195 2195 2196
2196 2196 2197
2197 2197 2198
2198 2198 2199
2199 2199 2200
2200 2200 2155
2201 2201 2202
2202 2202 2203
2203 2203 2204
2204 2204 2205
2205 2205 2206
2206 2206 2207
2207 2207 2208
2208 2208 2209
2209 2209 2210
2210 2210 2211
2211 2211 2212
2212 2212 2213
2213 2213 2214
2214 2214 2215
2215 2215 2216
2216 2216 2217
2217 2217 2218
2218 2218 2219
2219 2219 2220
2220 2220 2221
2221 2221 2222
2222 2222 2223
2223 2223 2224
2224 2224 2225
2225 2225 2226
2226 2226 2227
2227 2227 2228
2228 2228 2229
2229 2229 2230
2230 2230 2231
2231 2231 2232
2232 2232 2233
2233 2233 2234
2234 2234 2235
2235 2235 2236
2236 2236 2237
2237 2237 2201
2238 2238 2239
2239 2239 2240
2240 2240 2241
2241 2241 2242
2242 2242 2243
2243 2243 2244
2244 2244 2245
2245 2245 2246
2246 2246 2247
2247 2247 2248
2248 2248 2249
2249 2249 2250
2250 2250 2251
2251 2251 2252
2252 2252 2253
2253 2253 2254
2254 2254 2255
2255 2255 2256
2256 2256 2257
2257 2257 2258
2258 2258 2259
2259 2259 2260
2260 2260 2238
2261 2261 2262
2262 2262 2263
2263 2263 2264
2264 2264 2265
2265 2265 2266
2266 2266 2267
2267 2267 2268
2268 2268 2269
2269 2269 2270
2270 2270 2271
2271 2271 2272
2272 2272 2273
2273 2273 2274
2274 2274 2275
2275 2275 2276
2276 2276 2277
2277 2277 2278
2278 2278 2279
2279 2279 2280
2280 2280 2281
2281 2281 2282
2282 2282 2283
2283 2283 2261
2284 2284 2285
2285 2285 2286
2286 2286 2287
2287 2287 2288
2288 2288 2289
2289 2289 2290
2290 2290 2291
2291 2291 2292
2292 2292 2293
2293 2293 2294
2294 2294 2295
2295 2295 2296
2296 2296 2297
2297 2297 2298
2298 2298 2299
2299 2299 2300
2300 2300 2301
2301 2301 2302
2302 2302 2303
2303 2303 2284
2304 2304 2305
2305 2305 2306
2306 2306 2307
2307 2307 2308
2308 2308 2309
2309 2309 2310
2310 2310 2311
2311 2311 2312
2312 2312 2313
2313 2313 2314
2314 2314 2315
2315 2315 2316
2316 2316 2317
2317 2317 2318
2318 2318 2319
2319 2319 2320
2320 2320 2321
2321 2321 2322
2322 2322 2304
2323 2323 2324
2324 2324 2325
2325 2325 2326
2326 2326 2327
2327 2327 2328
2328 2328 2329
2329 2329 2330
2330 2330 2331
2331 2331 2332
2332 2332 2333
2333 2333 2334
2334 2334 2335
2335 2335 2336
2336 2336 2337
2337 2337 2338
2338 2338 2339
2339 2339 2323
2340 2340 2341
2341 2341 2342
2342 2342 2343
2343 2343 2344
2344 2344 2345
2345 2345 2346
2346 2346 2347
2347 2347 2348
2348 2348 2349
2349 2349 2350
2350 2350 2351
2351 2351 2352
2352 2352 2353
2353 2353 2354
2354 2354 2355
2355 2355 2340
2356 2356 2357
2357 2357 2358
2358 2358 2359
2359 2359 2360
2360 2360 2361
2361 2361 2362
2362 2362 2363
2363 2363 2364
2364 2364 2365
2365 2365 2366
2366 2366 2367
2367 2367 2368
2368 2368 2369
2369 2369 2370
2370 2370 2371
2371 2371 2356
2372 2372 2373
2373 2373 2374
2374 2374 2375
2375 2375 2376
2376 2376 2377
2377 2377 2378
2378 2378 2379
2379 2379 2380
2380 2380 2381
2381 2381 2382
2382 2382 2383
2383 2383 2384
2384 2384 2385
2385 2385 2372
2386 2386 2387
2387 2387 2388
2388 2388 2389
2389 2389 2390
2390 2390 2391
2391 2391 2392
2392 2392 2393
2393 2393 2394
2394 2394 2395
2395 2395 2396
2396 2396 2397
2397 2397 2386
2398 2398 2399
2399 2399 2400
2400 2400 2401
2401 2401 2402
2402 2402 2403
2403 2403 2404
2404 2404 2405
2405 2405 2406
2406 2406 2407
2407 2407 2408
2408 2408 2409
2409 2409 2398
2410 2410 2411
2411 2411 2412
2412 2412 2413
2413 2413 2414
2414 2414 2415
2415 2415 2416
2416 2416 2417
2417 2417 2418
2418 2418 2419
2419 2419 2410
2420 2420 2421
2421 2421 2422
2422 2422 2423
2423 2423 2424
2424 2424 2425
2425 2425 2426
2426 2426 2427
2427 2427 2428
2428 2428 2429
2429 2429 2420
2430 2430 2431
2431 2431 2432
2432 2432 2433
2433 2433 2434
2434 2434 2435
2435 2435 2436
2436 2436 2437
2437 2437 2438
2438 2438 2439
2439 2439 2430
2440 2440 2441
2441 2441 2442
2442 2442 2443
2443 2443 2444
2444 2444 2445
2445 2445 2446
2446 2446 2447
2447 2447 2448
2448 2448 2449
2449 2449 2440
2450 2450 2451
2451 2451 2452
2452 2452 2453
2453 2453 2454
2454 2454 2455
2455 2455 2456
2456 2456 2457
2457 2457 2458
2458 2458 2459
2459 2459 2450
2460 2460 2461
2461 2461 2462
2462 2462 2463
2463 2463 2464
2464 2464 2465
2465 2465 2466
2466 2466 2467
2467 2467 2468
2468 2468 2460
2469 2469 2470
2470 2470 2471
2471 2471 2472
2472 2472 2473
2473 2473 2474
2474 2474 2475
2475 2475 2476
2476 2476 2469
2477 2477 2478
2478 2478 2479
2479 2479 2480
2480 2480 2481
2481 2481 2482
2482 2482 2483
2483 2483 2484
2484 2484 2477
2485 2485 2486
2486 2486 2487
2487 2487 2488
2488 2488 2489
2489 2489 2490
2490 2490 2491
2491 2491 2492
2492 2492 2485
2493 2493 2494
2494 2494 2495
2495 2495 2496
2496 2496 2497
2497 2497 2498
2498 2498 2499
2499 2499 2500
2500 2500 2493
2501 2501 2502
2502 2502 2503
2503 2503 2504
2504 2504 2505
2505 2505 2506
2506 2506 2507
2507 2507 2508
2508 2508 2501
2509 2509 2510
2510 2510 2511
2511 2511 2512
2512 2512 2513
2513 2513 2514
2514 2514 2515
2515 2515 2516
2516 2516 2509
2517 2517 2518
2518 2518 2519
2519 2519 2520
2520 2520 2521
2521 2521 2522
2522 2522 2523
2523 2523 2517
2524 2524 2525
2525 2525 2526
2526 2526 2527
2527 2527 2528
2528 2528 2529
2529 2529 2524
2530 2530 2531
2531 2531 2532
2532 2532 2533
2533 2533 2534
2534 2534 2535
2535 2535 2530
2536 2536 2537
2537 2537 2538
2538 2538 2539
2539 2539 2540
2540 2540 2536
2541 2541 2542
2542 2542 2543
2543 2543 2544
2544 2544 2545
2545 2545 2541
36
0 121.27273 66.990906
1 182.3108 135.54054
2 99.702705 167.09459
3 89.5 122.37143
4 126.80882 173.86765
5 65.90909 82.22727
6 106.26923 202.42308
7 138.10869 112.21739
8 144.64865 125.86487
9 176.65218 123.521736
10 163.21739 121.78261
11 154.65 150.55
12 143.57895 81.57895
13 155.29411 120.70588
14 94.125 224
15 124 207.875
16 163.57143 127.92857
17 56.583332 100.583336
18 137.41667 161.58333
19 121.5 190
20 74.5 205
21 174 149.5
22 64 175.5
23 96.5 180
24 170.11111 129.11111
25 139 12
26 113 232
27 104 221
28 174 167
29 103 215
30 73 77
31 153 117
32 146.66667 72.166664
33 145.16667 116.666664
34 182 124
35 141.6 91.6
